1 1 5 1234567890
1 2 3 1234567891
1 4 1 1234567892
1 5 4 1234567893
2 1 4 1234567894
2 4 1 1234567895
2 5 2 1234567896
3 2 1 1234567897
3 3 2 1234567898
3 4 4 1234567899
4 1 3 1234567900
4 3 4 1234567901
4 5 3 1234567902
5 1 2 1234567903
5 2 4 1234567904
5 3 5 1234567905
5 4 3 1234567906
5 5 1 1234567907
6 1 4 1234567908
6 2 2 1234567909
6 3 3 1234567910
6 4 5 1234567911
6 5 4 1234567912
7 1 5 1234567913
7 2 3 1234567914
7 3 4 1234567915
7 4 2 1234567916
7 5 1 1234567917
8 1 3 1234567918
8 2 4 1234567919
8 3 2 1234567920
8 4 5 1234567921
8 5 3 1234567922
9 1 4 1234567923
9 2 5 1234567924
9 3 3 1234567925
9 4 1 1234567926
9 5 2 1234567927
10 1 2 1234567928
10 2 3 1234567929
10 3 4 1234567930
10 4 5 1234567931
10 5 1 1234567932
